 3.2806632250e+0   3.7368061930e+0
 3.0364074790e-1   7.2351175030e-1
 2.0046725530e+0   3.2776725080e+0
 3.3101435920e+0   6.7063859030e-1
 1.7524092330e+0   2.4238307510e+0
 1.5330327270e+0   1.2583577230e+0
 1.1045895440e+0   2.2986736570e+0
 2.9362967690e-1   1.8653449930e+0
 1.3323165810e+0   1.8659900140e+0
 2.5609902790e+0   1.1824349610e+0
 1.9357853810e+0   1.2635848620e+0
 4.8991377500e-1   1.9571317420e+0
-2.0946530750e-1   1.9798045400e+0
 6.9273585780e-1   2.1620514020e+0
 1.0539391870e+0   2.5270510670e+0
 8.8477708690e-1   1.1958481810e+0
 1.6646262580e+0   1.6052807670e+0
 2.4231727560e+0   1.0128210450e+0
 2.0906244820e+0   2.6430246980e-1
 1.4417740040e+0   2.4084159570e+0
 2.3688944940e+0   1.3536197200e+0
 1.3518614610e-1   1.1381223990e+0
 1.8449900840e+0   7.2185148330e-1
 5.5839738820e-2   1.5645093960e+0
-6.7151608730e-1  -4.5345721130e-1
 4.2421888740e-1   1.2889746060e+0
 2.6380678690e+0   1.3214862910e-1
 4.0928132190e+0  -3.4611506250e-1
-1.0785140890e+0   2.3106515870e+0
 5.0586285520e-1   5.5129301900e-1
 1.1057536440e+0   3.1972770930e+0
 1.9880228850e+0   4.9833326320e-1
 8.2386431930e-1   2.1386075750e+0
 2.1484873620e+0   2.1435505140e+0
 5.4054101660e-1   2.2334849400e+0
 5.4843939220e-1   1.9772922280e+0
 1.7275304950e+0   2.5164178950e+0
-1.2171013010e+0   1.6380301600e+0
 2.9010985780e-1   1.7223973150e+0
-6.0110952940e-2  -7.2204240630e-1
 2.4197080880e+0   1.1803698010e+0
 2.9777726450e+0   2.8147931410e+0
 4.0689968800e-1   3.0648161860e+0
 6.5163021770e-1   2.0512443380e+0
 1.4709004330e+0   1.8405993480e+0
-9.0020266670e-1   1.8309537280e+0
-2.4827413150e-1   1.1113189240e+0
 1.3626925670e+0   6.0800371030e-1
 1.0716940280e+0   1.6104575710e+0
 4.0809788490e-1   1.9204844050e+0
 2.3666359530e+0   1.1985014890e+0
 2.5849844070e+0   3.0345984180e+0
 1.5102507250e+0   5.7299640820e-1
 3.0117424050e+0   1.5336662970e+0
 6.6151320320e-1   1.9522857130e+0
 7.1995133110e-1   1.7723783020e+0
 1.6521988700e+0   2.3808600160e+0
 2.2510773860e+0   1.8035268750e+0
 1.6041647700e+0  -1.3938656410e-1
 2.2502092730e+0  -1.0590164080e-1
 7.4161819710e-1   8.3762609910e-1
 8.9559113030e-2   1.1167067700e+0
 1.0884910080e+0  -6.0352989810e-1
 1.1396613550e+0   1.4204600080e+0
 1.4655580390e+0   5.5164945940e-1
 1.8391464760e+0   1.8033193890e+0
 9.8187640150e-1   9.2357285170e-1
 8.1251342540e-1   2.4129745870e-1
 2.0165961610e+0   3.6364626780e-1
 2.1293406690e+0   1.4908547460e+0
 1.8902978100e-1  -2.7778824700e-1
 2.5691753710e+0   1.7445342980e+0
-3.3285374730e-1   1.6325247770e+0
 2.1500630590e+0   1.1816687780e+0
 6.6720111730e-1   1.3237461750e+0
 2.6758401240e+0   4.4237942310e-1
-1.7558551380e-2   1.7171979690e+0
 5.8930044110e-1   2.4658496010e+0
 2.0055398470e+0   3.4624163630e-1
 1.0329994030e+0   1.4053548860e+0
 4.6455753900e-1   1.1151405100e+0
 2.1162486450e+0   1.5718191850e+0
-5.9248852560e-2   3.5413008300e+0
 1.9458893210e+0   1.2845203560e+0
 1.5368472830e+0   2.1662202680e+0
 6.3238496090e-1   2.6520431340e+0
 7.7189260200e-1   1.6659956790e-1
 3.1751596790e+0   1.9459181670e+0
 1.1833676560e+0   8.8244831000e-1
 1.7802449710e+0   7.7678962730e-1
 5.1535543060e-1   1.7896894680e+0
 4.3213476900e-2   1.9055891900e+0
 1.7184605610e+0   1.0837007330e+0
 8.0081602860e-1   2.1334515530e+0
 5.8441750800e-1   2.6842304240e+0
 1.5489107020e+0   1.9468624990e+0
 2.4709339560e+0   1.0534956660e+0
 2.1056760000e+0   6.7188495870e-1
 2.5476197710e+0   1.4194925510e+0
 2.2167290050e+0   1.0653291960e+0
 2.7556536190e+0   1.5347540360e+0
 4.3963184200e-1   6.6797258630e-1
 1.4868934600e+0   1.3588741060e-1
 3.2232187230e+0   2.3448502840e+0
 9.9721160580e-1   1.2402259800e+0
 2.3185559280e+0  -1.1084805960e+0
 2.8898064180e+0   1.8982464510e+0
 2.7391287080e+0   1.8121131700e+0
-1.2300488200e-2   1.8144653800e+0
 2.7058670470e-1   2.2727005710e+0
 9.3384879520e-1   2.0585858000e+0
 1.5559262920e+0   1.8129379430e+0
 1.8071324110e+0   3.2806632290e+0
 1.8348277990e+0   2.2615769180e+0
 2.3916922020e+0   2.8458062120e+0
 1.6616408740e+0   4.1300018400e-1
 1.2152590190e+0  -1.6395533230e-1
 3.9977661700e+0   2.6471146930e+0
 7.6457768270e-1   1.3050300560e+0
 2.2196755270e+0   1.7190641270e+0
 1.0044833480e+0   2.9105071360e+0
 6.4056365310e-1   3.1320710940e+0
 2.1756705160e+0  -7.2684426940e-1
 1.5475527770e+0  -6.1389660480e-2
 1.2394534210e+0   1.4720318810e+0
 6.3210306280e-1   1.0488672250e+0
 2.9924417070e+0   1.7619855670e+0
 2.9122813220e+0   2.1095240340e+0
 1.1236128010e+0   1.0538868610e+0
 2.8389958260e+0   2.4828347920e+0
 1.8653309700e+0   2.3173923530e+0
 1.0079116650e+0   2.4050615780e+0
 1.4250051450e-1   7.7190898030e-1
 1.4778601880e+0   1.4056668130e+0
-6.8258172980e-2   2.3295216130e+0
 1.8979399230e+0   1.3753683150e+0
 3.1571444450e+0   1.7616875650e+0
 1.4013550290e+0   1.8433097920e+0
 2.4642773360e+0   3.6220026780e-1
 1.4672105370e+0   3.3428141620e-1
 1.1411323890e+0   1.9983548740e+0
 2.8056049290e+0   3.2011888500e+0
 1.0216620310e+0   1.8968242050e-1
 1.7453755590e+0   1.1172279420e+0
 2.8397806940e-1   1.4117248720e+0
 4.6911404610e-1   1.2119290760e+0
 9.6959035840e-1   2.3600963510e+0
 9.0263895780e-1   3.1078135180e-1
 2.0018283080e+0   3.2015138600e+0
 4.0855124830e-1   3.4420334510e-1
 1.6864372100e+0   2.1356005470e+0
 3.2923752130e+0   3.5155761050e+0
 1.1886407100e+0   1.5743737330e+0
 1.2885463240e+0   1.4583137780e+0
 2.2663592140e+0   3.4122779750e+0
 1.7189070820e+0  -2.6274765210e-1
 6.5693491760e-1   1.5927095040e+0
 3.2239799480e+0   2.4323411960e+0
 2.0122677890e+0  -4.8244566690e-1
 2.3161251310e+0   6.1076416280e-1
 2.9177128090e+0   1.8677239730e+0
 6.9847268680e-1   3.6554211380e+0
 2.8581126900e+0   2.1460933570e+0
 1.8650642340e+0   1.4545084840e+0
 7.2609702680e-1   1.5752284030e+0
 1.9924837930e+0   9.2454012720e-1
 1.6021981920e+0   2.4210387310e-1
 3.1166379350e+0   1.7948073450e+0
 1.8208783270e+0   3.6253695130e+0
 2.6740799040e+0   1.8442961280e+0
 4.5494070450e+0   1.7572062080e+0
 3.7188609320e+0   1.2285841230e+0
 9.9940772460e-1   1.1535198140e+0
 2.5371771500e-1   5.8339640460e-2
 5.6155462760e-1   1.0548396370e+0
 8.4568216600e-1   1.6980740180e+0
-7.9023721290e-2   1.8911743000e+0
 2.6683699400e+0   2.0976763360e+0
 8.8633552790e-1   1.3753469640e+0
 2.1948081140e+0   3.0795499730e+0
 9.0562108760e-1   2.4027404470e+0
-4.0222967860e-1   2.9892834150e-1
 1.8309436740e+0   1.7903148770e+0
 1.1875939670e-1  -3.0840030560e-1
 2.5011215060e+0   1.5940541320e+0
 1.7631385990e+0   2.4718461180e+0
-1.1714149280e+0   4.6810287500e-1
 2.0293516010e+0   1.3330545450e+0
 2.9821885880e+0   2.5928906180e+0
 1.5355841540e+0   1.8635557370e+0
-2.4930952730e-1   8.7964051880e-2
 2.7656890920e+0   1.1587300860e+0
 1.5213959320e+0   1.6343111490e+0
 1.5696354170e+0  -4.6336796850e-1
 1.1100684850e+0   2.5641728540e+0
 1.2646849340e+0   2.2972519730e+0
 3.1330691750e+0   1.0955957910e+0
 2.6248549550e+0   1.5660213590e+0
 3.3859615550e+0   7.4754310020e-1
 5.7382083600e-1   1.8569191110e+0
 3.0827662540e+0   2.0157103040e+0
 1.5702635170e+0   1.8897108430e+0
 9.6351995370e-1   1.9927753260e+0
 5.4591260500e-1   1.6999545930e+0
 2.2972137440e+0   1.9878303650e+0
 2.2008510650e+0   2.4044683440e+0
-1.4691782350e-1   2.6125046920e+0
 3.1018362260e+0   6.9005859230e-1
 1.8237586500e+0   7.2902985280e-1
-1.0084204010e+0   6.3869854910e-1
 1.9374528110e+0   1.0293180840e+0
 3.3162007660e-1   7.8654222330e-1
 2.0563279280e+0   3.0074728260e+0
 2.4334113680e+0   7.9408910250e-1
 3.6296818820e+0   2.6609295250e+0
 4.3327873500e-1   1.0799746220e+0
-5.0579344380e-1   1.6392805920e+0
 3.4691811060e+0   1.2480608730e+0
 1.8788639240e+0   7.6326723370e-1
 2.5523457570e+0   1.2474260410e-1
 3.2685271510e+0   3.4010248910e+0
 2.5541668620e+0   1.6749855510e+0
 2.0834851490e+0   2.1850273920e+0
 1.2002948400e+0   9.2435741920e-1
 1.6516545240e+0  -2.0702679490e-1
 2.8735600760e+0   1.1754032710e+0
 1.5081022790e+0   1.7384840960e+0
 1.8917757030e+0   2.6025538040e+0
 1.4570201420e+0  -3.3779924700e-1
 7.5176240540e-1   3.2009621480e+0
 2.0596939640e+0   9.5443835970e-1
 1.1769201770e+0   1.7305176310e+0
 2.1865552440e+0   6.8104209520e-1
 2.5029568730e+0   2.4316647550e+0
 5.4558162220e-1   1.4117435130e+0
 2.3958166670e+0   1.2223382740e+0
 7.8746773830e-1   2.3566742670e+0
 3.4624437180e+0   2.6133716760e+0
 2.4328797080e+0  -1.9580840830e-1
 1.6332228250e+0   2.5978377310e+0
 1.5503327220e+0   7.3367985660e-1
 2.4760960260e+0   2.7795069110e+0
 1.0653123790e+0   2.2284838690e+0
 2.1144288760e+0   3.1149323630e+0
 1.8674469000e+0   1.3960042620e+0
 1.9329609270e+0   2.1922145420e+0
-1.6478008300e-1   1.3159778220e+0
 1.7009476970e+0  -5.6263419970e-2
 2.8479285610e+0   2.0329395530e+0
 8.9292081370e-1   1.7505266540e+0
 1.4669719130e+0   2.6495926620e+0
 7.2312552920e-2   1.9795994460e+0
 3.4515743120e+0   8.5918238030e-1
 5.0201115000e-1   1.4959024310e+0
 1.1299370320e+0  -5.8393556360e-2
 9.5907527240e-1   9.3458664690e-1
-4.5303345820e-1   2.7145020400e+0
 2.0799217600e+0   1.9678888670e+0
 1.1986843930e+0   2.6070016710e+0
 2.1845916540e+0   5.6266622400e-1
 1.1503170540e-1   1.3779635840e+0
 1.0115525440e+0   1.7853200010e+0
 1.8007272250e+0   4.0971994390e-1
 7.5759952840e-1   2.9159960980e-1
 8.8305293800e-1   3.1414340580e+0
 1.2349707910e+0   1.3829131520e+0
 2.5744809540e+0   3.9374453880e-2
 7.8897383090e-1   2.7052404000e+0
 3.6711838630e+0   1.5578998600e+0
 2.6369176550e+0  -3.0190995530e-1
 3.0914496810e+0  -9.0423915120e-1
 3.6580360750e+0   2.9211194310e+0
 2.6315181090e+0   1.6940271050e+0
 1.8045794110e+0   1.4454512930e+0
 1.0152702870e+0   6.3497409400e-1
 1.7634373730e+0   2.6649425920e+0
 2.0687830700e+0   2.3611363340e+0
 2.4227357670e+0   1.7661709890e+0
 1.4826323090e+0   2.9355498820e+0
 1.0487913590e+0   2.2231395190e+0
 1.7713068920e+0   1.7917688110e+0
 2.7668529680e+0  -3.3243920210e-2
 2.5634369150e+0   1.5757310830e+0
 1.8744488420e+0  -6.2674592210e-1
 2.7011048740e+0   7.8346477920e-1
 1.6004484420e+0   1.7621071250e+0
 3.1019314090e+0   2.7830394380e+0
 2.2573893870e+0   1.2262423280e+0
 6.5368338280e-1   1.4290844170e+0
 2.8382110560e+0   2.0406730330e+0
 7.0301010720e-1   2.9810492900e+0
-4.7991478430e-3   1.6435986840e+0
 1.5048751250e+0   7.5408147010e-1
 2.4770903960e+0   5.6216249100e-1
-2.5764104770e-1   2.6007239030e+0
 2.0043899840e+0   1.5547435170e+0
-9.9123504730e-1   4.8364428840e-1
 3.2051741480e+0   2.2106355110e+0
 3.3059781330e+0   7.9286081860e-1
 2.7951471120e+0   1.5727330970e+0
 2.1727110270e+0   1.3387542760e+0
 1.1539219670e+0  -2.2608993070e-1
 3.3431811680e+0   2.6772371370e+0
 2.2215242680e+0   2.4711342570e+0
 2.9887056400e+0   9.1826134800e-1
 3.1710208290e+0  -7.4263250780e-1
 2.1187465540e+0   1.1348066840e+0
 2.9544279190e+0   1.5920877620e+0
 2.1743042720e+0   1.0574382050e+0
 8.9793160280e-1   7.1565215050e-1
 2.4920294270e+0   1.9199750240e+0
 1.2072780480e+0   1.2386931350e+0
 1.3776329160e+0   4.9140054660e-1
 5.1403047580e-1   1.2041407850e+0
 2.3034063380e+0   2.0984161130e+0
 3.1744676010e+0   1.2291043530e+0
 6.5963527870e-1   1.9816297980e+0
 2.2207134360e+0   7.4244622410e-1
 3.0203279380e+0   1.2054740030e+0
 4.4843009040e-1   1.5893500960e+0
 2.3523179360e+0   7.1158476210e-1
 5.3683098130e-1   1.0455367090e-2
 9.7554274690e-1   6.9228182620e-1
 1.4965568600e+0  -2.3411245180e-1
 2.5799520080e+0   3.6412252960e-1
 2.6439093830e+0   8.7143008290e-1
 3.0593970590e-1   2.5374996800e+0
 2.2697286440e+0   3.0241675970e+0
 1.5121797340e+0   1.4610606210e+0
 7.3672644430e-1   1.7049267950e+0
 1.1902225740e+0   1.3069696020e+0
 3.1319013310e+0   5.0612866650e-1
 2.0798717190e+0   7.3119641590e-1
 1.3105443450e+0   1.9802405100e+0
 7.6431419030e-1   1.0256024790e+0
 2.8273363380e+0   1.1167285320e+0
 2.9439762400e+0   1.9288014780e+0
 1.0976308400e+0  -9.6236271270e-1
 6.0655514090e-1   1.1552359910e+0
 1.2405056510e+0   3.5225802210e+0
 1.1658781390e+0   2.1357020490e+0
 1.1602380240e+0   7.8446546860e-1
 1.8129556270e+0   1.5219933710e+0
 9.3334225560e-1   3.9015310170e+0
 2.0959071950e+0   3.9658665430e+0
 1.6534151170e+0   2.6373903160e+0
 1.2049904690e+0   2.7281263420e+0
-6.1126089300e-1   1.4201601460e+0
 8.7847586150e-1   1.6710806220e-1
 2.7151565980e+0   1.9072548760e+0
 3.3850975520e+0   1.3997376900e+0
 1.4397526760e+0   7.9982146240e-2
 1.8255860250e+0  -4.1402730780e-1
 1.1550729720e+0   7.9782866140e-1
 2.0972657470e+0   1.1361117710e+0
 1.1386203740e+0   1.7871410530e+0
 2.0577889710e+0   1.1578409550e+0
 1.4489143860e+0   1.1964074680e+0
 1.5850135720e+0   2.2513964820e+0
 1.3905811440e+0   1.9233457000e+0
 6.4144589020e-1   2.2210465530e+0
 2.1509943190e+0   1.1244979940e+0
 1.8541888440e+0   2.1129260490e+0
 2.4993912200e+0   1.0577924550e+0
 1.7277897200e-1   3.0010126130e+0
 1.2113206750e+0   1.9354598110e+0
 6.6354418470e-1   2.0880643460e+0
 1.0329140350e+0   2.3102315380e+0
 2.0890333120e+0   5.8466381490e-1
-7.2549008630e-1   1.1728761890e+0
 1.3205821090e+0   8.7903127500e-1
 8.0289719090e-1   2.3838374140e+0
 1.3946138850e+0   1.2984892140e-1
 1.9045656170e+0   1.3556882610e+0
-4.5895275840e-1   2.4136168620e+0
 4.9587252330e-1  -1.9756961890e-1
-1.7939284250e-1   8.4191749100e-1
 1.9229418250e+0   1.1223589330e+0
 7.8225577380e-1   3.1441195800e+0
 1.5899121060e+0   1.3200603440e+0
 1.7929150380e+0   1.3914195720e+0
 1.6670178240e+0   7.9265683070e-1
 4.1234378360e-1   1.6187560270e-2
 2.1258584100e+0   2.0445856570e+0
-4.0365752580e-1   1.3466038240e+0
 2.2181801890e+0   1.7959445080e+0
 1.7222289120e+0   2.6711072400e+0
 1.1651519330e+0   1.4853035450e+0
 2.3366040620e+0   1.2237611500e+0
-5.7033532000e-1   1.3937192460e+0
 1.9541287140e-1   1.9838916630e+0
 1.6498525050e+0   3.1553113890e+0
 3.8209927950e-1  -7.0845533760e-2
 2.1160560160e+0   1.7764995700e+0
 1.7030955160e+0   7.9193026990e-2
-1.7958176250e-1   2.5999056150e+0
 3.9541864320e+0   6.3092118840e-1
-9.3569445100e-1   9.1334120750e-1
 2.0957975420e+0  -9.7569366390e-1
 1.9517461150e+0   1.2657368250e+0
 2.9676869600e+0   3.0926079330e+0
 1.6412213950e+0   1.7627628400e+0
 2.2395892260e+0   3.9222595800e-1
 3.1625445520e+0   1.1740773750e-1
 2.8203275330e+0   5.6885263700e-1
 2.4817496860e+0   1.9574149940e+0
 2.2915150500e+0   2.1136172140e-1
 8.4735557230e-1  -2.3478924920e-1
 6.1176739040e-1   6.3880066050e-1
 2.8237858470e-1   3.4476667960e-1
 2.6061390970e+0   1.0441949560e+0
 2.3025427190e+0   1.1371769270e+0
 2.7338734310e-1   4.6511508760e-1
 3.8631132330e-1   2.0826566620e+0
 2.1151388630e+0   1.4940668370e+0
 2.9300418780e+0  -1.2881337530e+0
 4.1045478170e-1   9.0567446810e-1
 9.3965265080e-1   1.7978479110e+0
 2.9306707450e+0   1.0938168320e+0
 2.9129749510e+0   2.1240658910e+0
 1.9385324900e-1   9.8863504200e-2
-3.6747321430e-1   4.3234200110e-1
-3.0293164950e-1   3.8959029740e+0
 3.3280618310e+0   1.9634353810e+0
 2.0725079570e+0   2.5737264250e+0
 2.0654041690e+0   3.0057144020e+0
 2.6921524510e+0   2.3644326890e+0
 1.0402924640e+0   5.9972193560e-1
 2.2591968400e+0   1.3058169340e+0
 2.3956746880e+0   1.8063598270e-1
 2.2936854180e+0   1.6628103110e+0
 1.7083796250e+0   1.0701116290e+0
 3.1103426080e+0  -4.4632846650e-1
 1.3136480490e+0   8.4595441290e-1
 1.9396749240e+0   1.6094940380e+0
 3.5104915170e+0   1.7425562120e+0
 1.1497366910e+0   1.6826462670e+0
 2.7778159120e+0   3.5184529290e-1
 1.0472829570e+0   1.8097456740e+0
 2.8499778200e+0   2.0701372620e+0
 1.9677488370e+0   1.3896654340e+0
 2.1043718390e+0   2.3836693080e-1
 2.6408069120e+0   1.5065961430e+0
 8.8013921430e-1   3.0168422820e+0
 5.2081702860e-1   1.7426266140e-1
-7.3884237040e-2   9.8357117150e-1
 2.5567360660e+0  -2.8800431960e-1
 1.5074078570e+0   1.4536694810e+0
 2.1766082450e+0   3.6673034700e-1
 9.3113573020e-1   3.1897597560e+0
 1.0019275110e+0   1.6917013630e+0
 2.1029033660e+0   3.0124653010e+0
 1.0067478300e+0   8.2887616080e-1
 3.6377741630e-1   2.0312653490e+0
 1.9016388450e+0   6.4069465780e-1
 2.3648784050e+0   2.0205133670e+0
 2.1408422150e+0   1.7437719820e+0
-2.8584275160e-1   2.2235072900e+0
 2.6026650850e+0   1.3737818330e+0
 1.7013182420e+0   1.6845936720e-1
 1.3467657810e+0   1.5351060130e+0
 2.9253669500e+0   1.5043353110e+0
 7.5256233400e-1   1.8276075550e+0
 3.7876227960e-1  -5.7323237400e-1
 3.0262424230e+0   1.5666685470e+0
 7.7362837610e-1  -6.5368139340e-1
 3.1122212840e+0   9.9613968990e-1
 1.7336103590e+0   2.3069013530e+0
 1.1032376790e+0   1.1981738540e+0
 5.1178026120e-1   2.8036394730e+0
 7.6186737090e-1   1.8843997890e+0
 1.7893988130e+0   1.0527106210e+0
 2.4235724990e+0   1.5598533090e+0
 1.8700224260e+0   1.6596661660e+0
 3.1041664400e+0   2.1805128020e+0
 1.1699018130e+0   2.0632923070e+0
 2.5208085460e+0   1.3442343570e+0
 2.8985790100e+0   8.9170933220e-1
 1.3668559980e+0   2.3098939590e+0
 2.7138594320e-1   3.3879040010e+0
 3.3480657420e+0   1.0656226230e+0
 1.7481238550e+0   1.5681175530e+0
 3.8258563790e+0  -1.4737372820e-1
 3.5089413700e-2   2.0546063860e+0
 2.0056894320e+0   2.5162944900e+0
 3.3527548930e+0   8.6949947230e-1
 9.5850087390e-1  -6.5223797770e-2
 8.6474198770e-1   1.8203470880e+0
 2.0512258450e+0   9.9573606270e-1
 1.7749143310e+0  -1.5951177800e-2
 2.6284995500e+0   1.3619836770e+0
 4.2023260970e-1   1.8149950950e+0
 2.6892054900e+0   3.2995387400e+0
 4.2862878030e+0   2.0626242210e+0
 2.0079139760e+0   9.9395616660e-1
 6.2550519080e-1   1.5534285950e+0
 1.4445616230e+0  -3.1042703260e-1
 1.5228498050e+0   2.5968463880e+0
-4.1020929450e-2   3.0502909930e+0
 1.4207771310e+0   4.6637508800e-1
